Bootstrap inversion results (2sigma uncertainty)
Station: CC03
Lat:   -4.88160 deg (0.000014) 
Lon:   -132.68895 deg (0.000010) 
X:     13.4 m (1.1) 
Y:    89.3 m (1.6) 
Depth: -4739.5 m (3.6) 
TAT:   13.0 ms (0.000000) 
Water Vel.: 1507.0 m/s (1.017807)
Drift Lon: 13.373987 m (1.077226) 
Drift Lat: 89.273995 m (1.587127) 
Drift:    90.271693 m (1.613432) 
Drift Azi: 8.519712 deg (0.658808)
dz: 10.488413 m (3.558587)

RMS:  1.5430 ms (0.327625)

Bad pings Removed: 3
===================================================
       Lat        Lon       Range (m)    Residual (s) Doppler Vel. (m/s)  TWT corr. (ms) 
  1:  -4.882117 -132.690453 4742.786775  -1.425497  -0.004551  -0.019044
  2:  -4.882108 -132.690443 4742.736939  -0.399287  -0.002585  -0.010821
  3:  -4.882112 -132.690440 4742.728396  -1.358670   0.000101   0.000424
  4:  -4.882107 -132.690455 4742.780157  -1.435591   0.005335   0.022324
  5:  -4.882098 -132.690608 4743.398715  -0.294405   0.004103   0.017174
  6:  -4.882077 -132.690578 4743.243720   0.869405  -0.009687  -0.040556
  7:  -4.882430 -132.690233 4742.533080  -0.156966  -0.005125  -0.021450
  8:  -4.883143 -132.689708 4743.319615   0.774919   0.030862   0.129202
  9:  -4.883957 -132.689035 4746.664137   1.313133   0.079375   0.332551
 10:  -4.884765 -132.688328 4752.894151   1.048661   0.118319   0.496355
 11:  -4.885473 -132.687812 4760.472770   0.989268   0.143613   0.603412
 12:  -4.886192 -132.687243 4770.355919  -0.090999   0.144452   0.608097
 13:  -4.886658 -132.687040 4777.067940   2.914765   0.079667   0.335998
 14:  -4.886882 -132.687107 4779.699221   0.498190   0.022708   0.095793
 15:  -4.886983 -132.687382 4779.878478   0.274966  -0.009016  -0.038031
 16:  -4.887012 -132.687818 4778.752741   1.716025  -0.021734  -0.091677
 17:  -4.887005 -132.688380 4777.430869  -0.454058  -0.023129  -0.097505
 18:  -4.886938 -132.689040 4776.107581   0.274517  -0.027766  -0.117037
 19:  -4.886738 -132.689662 4774.068940  -0.984866  -0.036777  -0.154921
 20:  -4.886440 -132.690207 4771.640894   1.182941  -0.034048  -0.143397
 21:  -4.886163 -132.690600 4769.783314   2.614026   0.009836   0.041417
 22:  -4.886902 -132.692660 4793.299879  -2.474339  -0.022215  -0.093938
 23:  -4.886670 -132.692207 4786.177547  -2.024028  -0.094805  -0.400314
 24:  -4.886803 -132.691440 4782.261259  -0.852979  -0.028109  -0.118617
 25:  -4.887202 -132.690577 4783.188333  -1.058668   0.046103   0.194578
 26:  -4.887700 -132.689695 4787.946128  -0.411388   0.096377   0.407195
 27:  -4.888168 -132.688803 4794.827673   0.429640   0.174547   0.738626
 28:  -4.888917 -132.687807 4809.697262  -0.301360   0.290717   1.233900
 29:  -4.889655 -132.686327 4831.199400  -0.816800   0.429829   1.832299
 30:  -4.890458 -132.684722 4862.288828  -1.081416   0.608410   2.610167
 31:  -4.891448 -132.683182 4904.857795  -0.597044   0.782617   3.387026
 32:  -4.892480 -132.681660 4956.157973   3.214292   0.916767   4.011449
 33:  -4.893532 -132.680142 5015.723651   0.235233   1.056741   4.677234
 34:  -4.894602 -132.678598 5084.035945   0.538302   1.184665   5.314984
 35:  -4.895635 -132.677092 5157.581909  -0.069757   1.144378   5.207860
 36:  -4.896033 -132.675392 5222.149466  -1.657947   0.998155   4.597915
 37:  -4.895925 -132.673613 5278.721392   0.125735   0.926326   4.314563
 38:  -4.895535 -132.671413 5349.753631   5.458921   0.681771   3.221236
 39:  -4.893775 -132.669017 5400.262190  -2.090036   0.077292   0.368148
 40:  -4.891527 -132.668328 5375.757202   0.316450  -0.196294  -0.931093
 41:  -4.889717 -132.667660 5370.673955   1.021222  -0.094469  -0.447729
 42:  -4.887785 -132.667143 5364.735949  -1.002078  -0.081196  -0.384277
 43:  -4.885843 -132.666763 5360.839207   2.959739  -0.025750  -0.121858
 44:  -4.883810 -132.666450 5361.953744  -1.257052   0.073250   0.346462
 45:  -4.881762 -132.666193 5369.748738  -2.570072   0.193512   0.916430
 46:  -4.879773 -132.665977 5384.861250  -0.724587   0.263577   1.252128
 47:  -4.877702 -132.665908 5401.907427  -0.356574   0.175186   0.834894
 48:  -4.875570 -132.666277 5406.700406  -1.678294   0.063615   0.303385
 49:  -4.873437 -132.666888 5409.824202   1.036335   0.054634   0.260817
 50:  -4.871392 -132.667683 5413.131553  -0.261627   0.042465   0.202809
 51:  -4.869408 -132.668707 5415.053557  -0.792989  -0.098518  -0.470634
 52:  -4.867630 -132.670190 5401.858637  -0.313611  -0.309313  -1.474151
 53:  -4.866095 -132.672028 5378.331968   0.873280  -0.409675  -1.944371
 54:  -4.864787 -132.674050 5352.768849  -0.139063  -0.388997  -1.837158
 55:  -4.863712 -132.676065 5331.003093   0.700008  -0.316632  -1.489466
 56:  -4.862823 -132.678050 5313.858992   1.426520  -0.263539  -1.235876
 57:  -4.862080 -132.680120 5299.321513  -0.204822  -0.201676  -0.942969
 58:  -4.861460 -132.682227 5289.654326  -0.368904  -0.153287  -0.715372
 59:  -4.861027 -132.684433 5281.201145   0.791631  -0.124804  -0.581632
 60:  -4.860803 -132.686643 5274.332741   0.910181  -0.089869  -0.418290
 61:  -4.860755 -132.688877 5270.468349  -0.866289  -0.017736  -0.082465
 62:  -4.860832 -132.691108 5272.200441   1.694025   0.043636   0.203038
 63:  -4.861113 -132.693335 5275.724631  -1.789433  -0.052812  -0.245770
 64:  -4.861880 -132.695372 5265.652361  -0.501420  -0.130002  -0.603947
 65:  -4.862795 -132.697428 5260.516157   0.287401  -0.070800  -0.328635
 66:  -4.863832 -132.699238 5256.164407  -0.856366   0.015908   0.073768
 67:  -4.864930 -132.701173 5263.136640  -0.167996   0.025893   0.120239
 68:  -4.866352 -132.702763 5258.799269  -0.384071  -0.076190  -0.353498
 69:  -4.867923 -132.704170 5253.706603  -1.581750  -0.057140  -0.264810
 70:  -4.869563 -132.705440 5251.774126   0.849121  -0.005484  -0.025414
 71:  -4.872938 -132.707693 5263.406934  -1.441765   0.012353   0.057353
 72:  -4.874882 -132.708272 5254.395549   1.339449  -0.095740  -0.443968
 73:  -4.876840 -132.708788 5251.912388  -0.248859  -0.009344  -0.043298
 74:  -4.878850 -132.709193 5253.338712   0.775169   0.086672   0.401801
 75:  -4.880935 -132.709563 5262.730532   1.300268   0.120121   0.557905
 76:  -4.882917 -132.709623 5267.110783  -0.397394   0.070658   0.328350
 77:  -4.886802 -132.709365 5284.056055   0.943948   0.060452   0.281902
 78:  -4.892188 -132.707333 5290.667011   0.262626   0.125451   0.585640
 79:  -4.894583 -132.705997 5300.819067   3.475814  -0.133310  -0.623915
 80:  -4.901633 -132.695930 5288.556917   1.883627  -0.201652  -0.941314
 81:  -4.901068 -132.694542 5242.252179  -4.133426  -0.727036  -3.360350
 82:  -4.900315 -132.693787 5199.291837  -2.270230  -0.703371  -3.225443
 83:  -4.899413 -132.693470 5156.886456  -2.954741  -0.775067  -3.524869
 84:  -4.897885 -132.693323 5093.158244   1.395756  -0.820764  -3.689465
 85:  -4.896627 -132.693178 5044.124336  -1.418621  -0.788758  -3.509967
