depth(m) ssp(m/s)
    0    1541.13
   10    1541.05
   20    1541.11
   30    1541.16
   50    1541.10
   75    1538.88
  100    1531.90
  125    1524.58
  150    1517.43
  200    1507.88
  250    1499.25
  300    1497.48
  400    1493.90
  500    1490.36
  600    1487.74
  700    1486.30
  800    1485.19
  900    1484.67
 1000    1484.36
 1100    1484.44
 1200    1484.82
 1300    1485.11
 1400    1485.60
 1500    1486.32
 1750    1488.70
 2000    1491.72
 2500    1498.60
 3000    1506.38
 3500    1514.39
 4000    1522.82
 4500    1531.24
 5000    1539.98
 5500    1549.05
