Bootstrap Inversion Results (± 2σ uncertainty)

   Station: EC03 
       Lat:    -6.29162 ° ± 0.00002
       Lon:  -131.91041 ° ± 0.00001
         X:  -291.23780 m ± 1.52920
         Y:  -170.46906 m ± 2.52776
     Depth: -4742.35252 m ± 5.50652
Water Vel.:  1506.30517 m ± 1.64533
     Drift:   337.46168 m ± 1.94601
  Drift Az:   239.65870 m ± 0.37735
        dz:    88.64748 m ± 5.50652

       RMS:     1.62147 ms ± 0.41852

Bad Pings Removed: 2 
Doppler Correction: NO 
Ray Bending Correction: YES 
GPS-Transponder Offset:   dforward =  0  m 
                        dstarboard =  0  m 
================================================================================ 
       Lat (°)   Lon (°)     Range (m)   Resid (s)  Vr (m/s)  TWT corr. (ms)
  1    -6.29180  -131.90430  4790.90079  -1.42214  -0.28225  -1.19416
  2    -6.29173  -131.90458  4783.62844   0.25798  -0.27716  -1.17167
  3    -6.29153  -131.90546  4769.53800  -0.54018  -0.24868  -1.04854
  4    -6.29145  -131.90571  4766.15995  -0.59064  -0.23166  -0.97618
  5    -6.29139  -131.90591  4766.49947   0.45111  -0.21564  -0.90827
  6    -6.29111  -131.90701  4756.26542   0.02416  -0.16207  -0.68109
  7    -6.29106  -131.90720  4753.05999   0.07829  -0.14940  -0.62763
  8    -6.29020  -131.90842  4749.34702  -0.89045   0.03193   0.13395
  9    -6.28877  -131.90809  4758.68606  -0.79760   0.24532   1.03136
 10    -6.28713  -131.90722  4779.96647  -0.52632   0.46008   1.94296
 11    -6.28517  -131.90635  4816.04824  -0.57083   0.69093   2.93939
 12    -6.28314  -131.90552  4864.09371  -0.80970   0.88657   3.80877
 13    -6.28108  -131.90471  4921.98221   2.80780   1.08410   4.71652
 14    -6.27845  -131.90369  5014.44670   3.95643   0.99029   4.39052
 15    -6.27358  -131.90521  5177.51300  -3.32884   0.28982   1.32391
 16    -6.27346  -131.90780  5154.60489   2.10310  -0.19632  -0.89476
 17    -6.27353  -131.91043  5148.23883  -0.36569  -0.15764  -0.71657
 18    -6.27392  -131.91248  5136.59970  -0.60659  -0.47762  -2.16581
 19    -6.28345  -131.92289  5021.04681  -0.01461  -0.04406  -0.19538
 20    -6.28626  -131.92372  5002.43725   0.54375  -0.22153  -0.97859
 21    -6.28841  -131.92401  4985.78003  -1.53799  -0.20779  -0.91504
 22    -6.29051  -131.92398  4977.11952  -0.73456  -0.17181  -0.75495
 23    -6.29315  -131.92366  4967.75777  -1.26323  -0.06766  -0.29673
 24    -6.29518  -131.92319  4964.48220  -0.28920  -0.03593  -0.15754
 25    -6.29716  -131.92240  4962.72165   0.08524  -0.03835  -0.16807
 26    -6.29899  -131.92128  4962.27142   0.54283  -0.02575  -0.11280
 27    -6.30156  -131.91918  4971.11133  -0.62958   0.11381   0.49889
 28    -6.30307  -131.91757  4971.73642  -0.74511   0.13355   0.58639
 29    -6.30524  -131.91429  4994.58179   3.71496   0.19737   0.87113
 30    -6.30584  -131.91231  5006.35792  -0.50688   0.08323   0.36752
 31    -6.30614  -131.90961  5008.13764   2.69907   0.21502   0.95145
 32    -6.30640  -131.90748  5024.95072   0.90588   0.30846   1.36960
 33    -6.30634  -131.90536  5049.83028   3.17484   0.25857   1.15278
 34    -6.30584  -131.90333  5054.59723  -0.07006   0.23769   1.06170
 35    -6.30516  -131.90134  5077.20102  -0.46936   0.29853   1.33756
 36    -6.30434  -131.89945  5094.22286  -0.62444   0.31960   1.43744
 37    -6.30323  -131.89763  5111.19793  -2.30060   0.29732   1.34194
 38    -6.30187  -131.89604  5130.69920  -2.59145   0.25413   1.15056
 39    -6.30027  -131.89462  5145.99341  -1.34086   0.26730   1.21391
 40    -6.29851  -131.89334  5162.82603  -0.12997   0.28162   1.28368
 41    -6.29659  -131.89231  5179.03423  -1.20864   0.30310   1.38553
 42    -6.29460  -131.89142  5200.01309  -0.34200   0.25880   1.18788
 43    -6.29244  -131.89096  5206.34014  -0.90850   0.16467   0.75732
 44    -6.29009  -131.89079  5217.76537   0.03814   0.05490   0.25302
 45    -6.28796  -131.89117  5210.48842  -0.30964  -0.71567  -3.29531
 46    -6.28770  -131.89318  5128.05056   3.47239  -1.30188  -5.90208
 47    -6.28813  -131.89496  5059.96630   1.61854  -1.17092  -5.23005
