Bootstrap Inversion Results (± 2σ uncertainty)

   Station: WC03 
       Lat:    -5.70770 ° ± 0.00002
       Lon:  -134.09130 ° ± 0.00003
         X:   -27.74493 m ± 3.18631
         Y:    15.93454 m ± 2.31631
     Depth: -4487.11130 m ± 9.70062
Water Vel.:  1508.29515 m ± 2.90742
     Drift:    32.03228 m ± 2.45184
  Drift Az:   299.92309 m ± 5.50991
        dz:     2.88870 m ± 9.70062

       RMS:     2.21641 ms ± 0.66501

Bad Pings Removed: 2 
================================================================================ 
       Lat (°)   Lon (°)     Range (m)   Resid (s)  Vr (m/s)  TWT corr. (ms)
  1    -5.70585  -134.09381  4500.44748   3.17645   0.00000   0.00000
  2    -5.70585  -134.09381  4497.01541  -2.39159  -0.03478  -0.13790
  3    -5.70627  -134.09350  4496.62144  -1.53253  -0.06360  -0.25199
  4    -5.70677  -134.09312  4489.31609  -2.38604  -0.05436  -0.21522
  5    -5.70756  -134.09283  4483.63843  -1.20864  -0.01464  -0.05792
  6    -5.70854  -134.09286  4491.40282   0.45736   0.06121   0.24225
  7    -5.70968  -134.09342  4509.87611  -2.24206   0.19256   0.76316
  8    -5.71060  -134.09496  4515.47632   0.23214   0.39510   1.57224
  9    -5.71133  -134.09693  4546.23125   2.47104   0.62385   2.49968
 10    -5.71207  -134.09898  4585.71881   3.20330   0.83518   3.37927
 11    -5.71303  -134.10085  4655.37096   2.02460   1.01900   4.17179
 12    -5.71498  -134.10449  4784.62756   7.57167   1.29098   5.44930
 13    -5.71833  -134.10792  4982.64555   2.58933   0.47543   2.09143
 14    -5.72947  -134.08964  5094.79520   1.22058   0.37467   1.68224
 15    -5.72919  -134.08764  5091.96671  -2.42395  -0.30800  -1.38151
 16    -5.72681  -134.08426  5018.91762   0.58424  -0.56221  -2.48832
 17    -5.72535  -134.08298  4989.61343  -2.35288  -0.67878  -2.97745
 18    -5.72371  -134.08172  4937.92414  -3.94418  -0.60509  -2.63220
 19    -5.71964  -134.07870  4878.19296  -0.40731  -0.20325  -0.87417
 20    -5.71789  -134.07747  4874.58533  -0.79395  -0.05667  -0.24332
 21    -5.71608  -134.07628  4873.27537   1.38605   0.03458   0.14853
 22    -5.71411  -134.07525  4887.64902  -0.14350   0.10397   0.44682
 23    -5.71215  -134.07441  4882.88311   0.63839   0.07139   0.30737
 24    -5.71006  -134.07399  4895.33650  -1.24454  -0.09347  -0.40237
 25    -5.70782  -134.07408  4867.36485   0.11342  -0.17314  -0.74389
 26    -5.70546  -134.07443  4868.93093  -1.50776  -0.04405  -0.18883
 27    -5.70318  -134.07482  4874.34176   0.75689   0.07941   0.34074
 28    -5.70101  -134.07542  4880.04248   1.27266  -0.02672  -0.11481
 29    -5.69903  -134.07665  4871.58640   1.57539  -0.14149  -0.60696
 30    -5.69718  -134.07814  4862.27354  -0.45245  -0.05975  -0.25579
 31    -5.69557  -134.07962  4862.02914   2.89173  -0.01854  -0.07942
 32    -5.69424  -134.08126  4858.77909   0.95399  -0.06979  -0.29866
 33    -5.69316  -134.08317  4850.86742   0.74850  -0.02919  -0.12476
 34    -5.69217  -134.08512  4850.75805   1.76189  -0.00552  -0.02359
 35    -5.69157  -134.08720  4850.69077  -0.39273  -0.09071  -0.38756
 36    -5.69135  -134.08937  4833.87484   0.14242  -0.02875  -0.12264
 37    -5.69114  -134.09155  4844.77989   1.61709   0.05406   0.23091
 38    -5.69126  -134.09378  4845.62587   0.21762   0.03152   0.13468
 39    -5.69170  -134.09583  4848.27552   0.46775  -0.02027  -0.08661
 40    -5.69245  -134.09775  4855.38258   0.59548   0.02154   0.09200
 41    -5.69324  -134.09963  4850.50752  -1.47164   0.03993   0.17066
 42    -5.69440  -134.10136  4849.10810  -1.47399  -0.05699  -0.24354
 43    -5.69583  -134.10277  4846.42499  -0.61886  -0.13597  -0.58036
 44    -5.69765  -134.10404  4831.50047  -2.55445  -0.24017  -1.02226
 45    -5.69892  -134.10428  4811.05858  -4.26256  -0.38182  -1.61721
 46    -5.69986  -134.10413  4780.79068  -2.16164  -0.51278  -2.16200
 47    -5.70128  -134.10224  4705.26366  -2.69472  -0.54655  -2.26399
