depth(m) ssp(m/s)
    0    1540.71
   10    1540.62
   20    1540.64
   30    1540.62
   50    1540.27
   75    1536.85
  100    1528.46
  125    1520.55
  150    1513.91
  200    1505.62
  250    1498.92
  300    1497.94
  400    1494.20
  500    1490.40
  600    1487.92
  700    1486.19
  800    1485.16
  900    1484.62
 1000    1484.32
 1100    1484.50
 1200    1484.87
 1300    1485.17
 1400    1485.66
 1500    1486.36
 1750    1488.71
 2000    1491.73
 2500    1498.59
 3000    1506.36
 3500    1514.36
 4000    1522.81
 4500    1531.31
 5000    1540.29
 5500    1549.05
