Bootstrap Inversion Results (± 2σ uncertainty)

   Station: EC03 
       Lat:    -6.29161 ° ± 0.00003
       Lon:  -131.91041 ° ± 0.00002
         X:  -291.46560 m ± 2.17208
         Y:  -169.59976 m ± 3.57933
     Depth: -4743.94353 m ± 8.49109
Water Vel.:  1506.94835 m ± 2.44810
     Drift:   337.22170 m ± 2.95178
  Drift Az:   239.80606 m ± 0.50445
        dz:    87.05647 m ± 8.49109

       RMS:     2.36938 ms ± 0.82888

Bad Pings Removed: 2 
================================================================================ 
       Lat (°)   Lon (°)     Range (m)   Resid (s)  Vr (m/s)  TWT corr. (ms)
  1    -6.29180  -131.90430  4792.56029  -2.89573  -0.28235  -1.19425
  2    -6.29173  -131.90458  4787.04034  -1.23469  -0.27726  -1.17174
  3    -6.29153  -131.90546  4768.39626  -1.90104  -0.24884  -1.04895
  4    -6.29145  -131.90571  4769.47862  -1.86663  -0.23180  -0.97648
  5    -6.29139  -131.90591  4769.35026  -0.76127  -0.21574  -0.90845
  6    -6.29111  -131.90701  4758.11106  -0.98249  -0.16222  -0.68150
  7    -6.29106  -131.90720  4754.80409  -0.86593  -0.14965  -0.62850
  8    -6.29020  -131.90842  4754.51064  -1.12080   0.03149   0.13205
  9    -6.28877  -131.90809  4764.22722  -0.17023   0.24482   1.02878
 10    -6.28713  -131.90722  4779.41136   0.98561   0.45944   1.93917
 11    -6.28517  -131.90635  4822.69124   1.97674   0.69011   2.93410
 12    -6.28314  -131.90552  4860.42592   2.61628   0.88584   3.80331
 13    -6.28108  -131.90471  4923.04094   7.22646   1.08343   4.71111
 14    -6.27845  -131.90369  5012.24812   8.13117   0.98984   4.38681
 15    -6.27358  -131.90521  5173.11961  -1.82149   0.28952   1.32216
 16    -6.27346  -131.90780  5159.52783   1.71684  -0.19645  -0.89494
 17    -6.27353  -131.91043  5144.31279  -0.57426  -0.15769  -0.71643
 18    -6.27392  -131.91248  5137.48927  -2.07321  -0.47735  -2.16339
 19    -6.28345  -131.92289  5020.41138  -0.05834  -0.04354  -0.19302
 20    -6.28626  -131.92372  5008.26520  -0.29244  -0.22080  -0.97491
 21    -6.28841  -131.92401  4984.73428  -2.35520  -0.20703  -0.91128
 22    -6.29051  -131.92398  4974.90307  -1.47795  -0.17109  -0.75148
 23    -6.29315  -131.92366  4969.43879  -1.66786  -0.06695  -0.29348
 24    -6.29518  -131.92319  4962.79618  -0.60705  -0.03523  -0.15437
 25    -6.29716  -131.92240  4961.57993  -0.32185  -0.03762  -0.16483
 26    -6.29899  -131.92128  4961.57010   0.15164  -0.02505  -0.10968
 27    -6.30156  -131.91918  4968.90871  -0.53035   0.11440   0.50127
 28    -6.30307  -131.91757  4971.87902  -0.62093   0.13409   0.58850
 29    -6.30524  -131.91429  4995.93945   4.06035   0.19772   0.87227
 30    -6.30584  -131.91231  5008.11303  -0.64578   0.08350   0.36859
 31    -6.30614  -131.90961  5013.31717   3.08258   0.21520   0.95187
 32    -6.30640  -131.90748  5024.40184   1.67047   0.30855   1.36946
 33    -6.30634  -131.90536  5051.66729   3.74541   0.25858   1.15230
 34    -6.30584  -131.90333  5058.59427   0.43244   0.23758   1.06076
 35    -6.30516  -131.90134  5076.12633   0.31626   0.29836   1.33623
 36    -6.30434  -131.89945  5103.84757   0.28284   0.31932   1.43565
 37    -6.30323  -131.89763  5111.18400  -1.45111   0.29696   1.33976
 38    -6.30187  -131.89604  5131.00031  -1.89123   0.25369   1.14808
 39    -6.30027  -131.89462  5150.01870  -0.53157   0.26680   1.21115
 40    -6.29851  -131.89334  5163.84073   0.79224   0.28104   1.28053
 41    -6.29659  -131.89231  5182.15449  -0.17565   0.30254   1.38241
 42    -6.29460  -131.89142  5204.06892   0.58602   0.25818   1.18460
 43    -6.29244  -131.89096  5210.14308  -0.32034   0.16398   0.75384
 44    -6.29009  -131.89079  5221.94275   0.23625   0.05416   0.24950
 45    -6.28796  -131.89117  5218.87564  -3.30416  -0.71581  -3.29399
 46    -6.28770  -131.89318  5129.27647  -2.02386  -1.30109  -5.89480
 47    -6.28813  -131.89496  5055.12756  -3.45213  -1.17029  -5.22493
